번호	종목명	소요시간(분)	참가인원수	승리포인트	동팀 참가학생(번호)	서팀 참가학생(번호)
1	씨름	50	10	50	23,24,27,29,30,32,34,36,41,42	14,15,20,22,24,31,32,34,36,44
2	농구	40	10	50	14,17,19,20,22,27,29,30,31,41	2,5,13,15,17,20,24,31,32,33
3	2인3각	30	15	100	6,7,13,14,18,20,22,24,25,27,28,31,33,34,41	1,4,5,6,15,18,20,22,23,24,28,29,32,33,36
4	축구	30	전체	200	전체	전체
5	점심	80	전체	0	전체	전체
6	기마전	40	10	50	2,4,13,15,25,26,31,32,33,34	2,4,5,24,25,31,32,33,39,40
7	줄다기리	40	전체	200	전체	전체
8	피구	40	10	150	9,10,12,14,16,19,21,27,30,33	4,6,14,16,25,26,32,34,36,40
9	이어달리기	40	10	50	16,18,20,22,24,26,27,29,30,31	9,11,22,24,26,32,34,35,38,40
